843704469654597326_split_0 843704469654597326 0 11.000
843704469654597326_split_1 843704469654597326 11.000 21.000
1710986448546528638_split_0 1710986448546528638 0 7.000
1710986448546528638_split_1 1710986448546528638 7.000 15.360
2579704819843487674_split_0 2579704819843487674 0 3.000
2579704819843487674_split_1 2579704819843487674 3.000 6.000
2579704819843487674_split_2 2579704819843487674 6.000 16.460
3246112972111129481_split_0 3246112972111129481 0 15.600
6733125851564557061_split_0 6733125851564557061 0 7.000
6733125851564557061_split_1 6733125851564557061 7.000 16.000
6733125851564557061_split_2 6733125851564557061 16.000 21.120
8126899585335816719_split_0 8126899585335816719 0 6.000
8126899585335816719_split_1 8126899585335816719 6.000 12.000
8126899585335816719_split_2 8126899585335816719 12.000 26.000
8126899585335816719_split_3 8126899585335816719 26.000 31.740
